   2.0000000e+00   1.0000000e+00   9.0600000e+00
   2.0000000e+00   7.0000000e+00   1.0690000e+01
   2.0000000e+00   1.3000000e+01   5.3000000e+00
   8.0000000e+00   1.0000000e+00   1.4500000e+01
   8.0000000e+00   7.0000000e+00   1.2810000e+01
   8.0000000e+00   1.3000000e+01   6.7100000e+00
   1.4000000e+01   1.0000000e+00   1.2240000e+01
   1.4000000e+01   7.0000000e+00   1.0620000e+01
   1.4000000e+01   1.3000000e+01   3.2500000e+00
   2.0000000e+00   1.0000000e+00   9.0600000e+00
   2.0000000e+00   7.0000000e+00   1.0690000e+01
   2.0000000e+00   1.3000000e+01   5.3000000e+00
   8.0000000e+00   1.0000000e+00   1.4500000e+01
   8.0000000e+00   7.0000000e+00   1.2810000e+01
   8.0000000e+00   1.3000000e+01   6.7100000e+00
   1.4000000e+01   1.0000000e+00   1.2240000e+01
   1.4000000e+01   7.0000000e+00   1.0620000e+01
   1.4000000e+01   1.3000000e+01   3.2500000e+00
   2.0000000e+00   3.0000000e+00   6.1200000e+00
   2.0000000e+00   9.0000000e+00   1.5190000e+01
   2.0000000e+00   1.5000000e+01   6.2700000e+00
   8.0000000e+00   3.0000000e+00   9.2100000e+00
   8.0000000e+00   9.0000000e+00   1.0940000e+01
   8.0000000e+00   1.5000000e+01   7.8000000e+00
   1.4000000e+01   3.0000000e+00   5.7500000e+00
   1.4000000e+01   9.0000000e+00   1.3140000e+01
   1.4000000e+01   1.5000000e+01   4.3400000e+00
   3.0000000e+00   2.0000000e+00   6.1200000e+00
   9.0000000e+00   2.0000000e+00   1.6450000e+01
   1.5000000e+01   2.0000000e+00   7.5200000e+00
   3.0000000e+00   8.0000000e+00   6.6900000e+00
   9.0000000e+00   8.0000000e+00   1.0940000e+01
   1.5000000e+01   8.0000000e+00   6.5400000e+00
   3.0000000e+00   1.4000000e+01   4.4900000e+00
   9.0000000e+00   1.4000000e+01   1.4400000e+01
   1.5000000e+01   1.4000000e+01   4.3400000e+00
   6.0000000e+00   2.0000000e+00   5.7200000e+00
   6.0000000e+00   8.0000000e+00   7.0900000e+00
   6.0000000e+00   1.4000000e+01   4.8900000e+00
   1.2000000e+01   2.0000000e+00   1.5640000e+01
   1.2000000e+01   8.0000000e+00   1.0130000e+01
   1.2000000e+01   1.4000000e+01   1.3590000e+01
   1.8000000e+01   2.0000000e+00   7.5200000e+00
   1.8000000e+01   8.0000000e+00   6.5400000e+00
   1.8000000e+01   1.4000000e+01   4.3400000e+00
   2.0000000e+00   6.0000000e+00   5.7200000e+00
   8.0000000e+00   6.0000000e+00   9.6100000e+00
   1.4000000e+01   6.0000000e+00   6.1500000e+00
   2.0000000e+00   1.2000000e+01   1.4380000e+01
   8.0000000e+00   1.2000000e+01   1.0130000e+01
   1.4000000e+01   1.2000000e+01   1.2330000e+01
   2.0000000e+00   1.8000000e+01   6.2700000e+00
   8.0000000e+00   1.8000000e+01   7.8000000e+00
   1.4000000e+01   1.8000000e+01   4.3400000e+00
   2.0000000e+00   4.0000000e+00   3.2500000e+00
   2.0000000e+00   1.0000000e+01   5.6600000e+00
   2.0000000e+00   1.6000000e+01   6.1500000e+00
   8.0000000e+00   4.0000000e+00   8.7600000e+00
   8.0000000e+00   1.0000000e+01   1.4100000e+00
   8.0000000e+00   1.6000000e+01   7.5600000e+00
   1.4000000e+01   4.0000000e+00   6.4300000e+00
   1.4000000e+01   1.0000000e+01   3.6100000e+00
   1.4000000e+01   1.6000000e+01   4.1000000e+00
   0.0000000e+00   0.0000000e+00   0.0000000e+00
   0.0000000e+00   0.0000000e+00   0.0000000e+00
   1.6000000e+01   2.0000000e+00   8.8400000e+00
   0.0000000e+00   0.0000000e+00   0.0000000e+00
   0.0000000e+00   0.0000000e+00   0.0000000e+00
   1.6000000e+01   8.0000000e+00   7.8600000e+00
   0.0000000e+00   0.0000000e+00   0.0000000e+00
   0.0000000e+00   0.0000000e+00   0.0000000e+00
   1.6000000e+01   1.4000000e+01   5.6600000e+00
   6.0000000e+00   3.0000000e+00   4.0000000e-01
   6.0000000e+00   9.0000000e+00   1.8030000e+01
   6.0000000e+00   1.5000000e+01   5.5000000e-01
   1.2000000e+01   3.0000000e+00   1.1240000e+01
   1.2000000e+01   9.0000000e+00   8.2000000e-01
   1.2000000e+01   1.5000000e+01   1.1090000e+01
   1.8000000e+01   3.0000000e+00   1.4100000e+00
   1.8000000e+01   9.0000000e+00   1.7480000e+01
   1.8000000e+01   1.5000000e+01   0.0000000e+00
   3.0000000e+00   6.0000000e+00   4.0000000e-01
   9.0000000e+00   6.0000000e+00   1.0820000e+01
   1.5000000e+01   6.0000000e+00   1.8100000e+00
   3.0000000e+00   1.2000000e+01   1.6820000e+01
   9.0000000e+00   1.2000000e+01   8.2000000e-01
   1.5000000e+01   1.2000000e+01   1.6670000e+01
   3.0000000e+00   1.8000000e+01   1.5000000e-01
   9.0000000e+00   1.8000000e+01   1.0270000e+01
   1.5000000e+01   1.8000000e+01   0.0000000e+00
