   2.0000000e+00   1.0000000e+00   9.0600000e+00
   2.0000000e+00   7.0000000e+00   1.0690000e+01
   2.0000000e+00   1.3000000e+01   6.4300000e+00
   8.0000000e+00   1.0000000e+00   1.4430000e+01
   8.0000000e+00   7.0000000e+00   1.2810000e+01
   8.0000000e+00   1.3000000e+01   5.4500000e+00
   1.4000000e+01   1.0000000e+00   1.2240000e+01
   1.4000000e+01   7.0000000e+00   1.0620000e+01
   1.4000000e+01   1.3000000e+01   3.2500000e+00
   2.0000000e+00   1.0000000e+00   9.0600000e+00
   2.0000000e+00   7.0000000e+00   1.0690000e+01
   0.0000000e+00   0.0000000e+00   0.0000000e+00
   8.0000000e+00   1.0000000e+00   1.4430000e+01
   8.0000000e+00   7.0000000e+00   1.2810000e+01
   0.0000000e+00   0.0000000e+00   0.0000000e+00
   1.4000000e+01   1.0000000e+00   1.2240000e+01
   1.4000000e+01   7.0000000e+00   1.0620000e+01
   0.0000000e+00   0.0000000e+00   0.0000000e+00
   2.0000000e+00   3.0000000e+00   6.1200000e+00
   2.0000000e+00   9.0000000e+00   1.6310000e+01
   2.0000000e+00   1.5000000e+01   7.5200000e+00
   8.0000000e+00   3.0000000e+00   7.9500000e+00
   8.0000000e+00   9.0000000e+00   1.0940000e+01
   8.0000000e+00   1.5000000e+01   6.5400000e+00
   1.4000000e+01   3.0000000e+00   5.7500000e+00
   1.4000000e+01   9.0000000e+00   1.3140000e+01
   1.4000000e+01   1.5000000e+01   4.3400000e+00
   3.0000000e+00   2.0000000e+00   6.1200000e+00
   9.0000000e+00   2.0000000e+00   1.6310000e+01
   1.5000000e+01   2.0000000e+00   7.5200000e+00
   3.0000000e+00   8.0000000e+00   7.9500000e+00
   9.0000000e+00   8.0000000e+00   1.0940000e+01
   1.5000000e+01   8.0000000e+00   6.5400000e+00
   3.0000000e+00   1.4000000e+01   5.7500000e+00
   9.0000000e+00   1.4000000e+01   1.3140000e+01
   1.5000000e+01   1.4000000e+01   4.3400000e+00
   6.0000000e+00   2.0000000e+00   5.7200000e+00
   6.0000000e+00   8.0000000e+00   8.3500000e+00
   6.0000000e+00   1.4000000e+01   6.1500000e+00
   1.2000000e+01   2.0000000e+00   1.5500000e+01
   1.2000000e+01   8.0000000e+00   1.0130000e+01
   1.2000000e+01   1.4000000e+01   1.2330000e+01
   1.8000000e+01   2.0000000e+00   7.5200000e+00
   1.8000000e+01   8.0000000e+00   6.5400000e+00
   1.8000000e+01   1.4000000e+01   4.3400000e+00
   2.0000000e+00   6.0000000e+00   5.7200000e+00
   8.0000000e+00   6.0000000e+00   8.3500000e+00
   1.4000000e+01   6.0000000e+00   6.1500000e+00
   2.0000000e+00   1.2000000e+01   1.5500000e+01
   8.0000000e+00   1.2000000e+01   1.0130000e+01
   1.4000000e+01   1.2000000e+01   1.2330000e+01
   2.0000000e+00   1.8000000e+01   7.5200000e+00
   8.0000000e+00   1.8000000e+01   6.5400000e+00
   1.4000000e+01   1.8000000e+01   4.3400000e+00
   2.0000000e+00   4.0000000e+00   3.2500000e+00
   2.0000000e+00   1.0000000e+01   6.7800000e+00
   2.0000000e+00   1.6000000e+01   7.2800000e+00
   8.0000000e+00   4.0000000e+00   8.6200000e+00
   8.0000000e+00   1.0000000e+01   1.4100000e+00
   8.0000000e+00   1.6000000e+01   6.3000000e+00
   1.4000000e+01   4.0000000e+00   6.4300000e+00
   1.4000000e+01   1.0000000e+01   3.6100000e+00
   1.4000000e+01   1.6000000e+01   4.1000000e+00
   0.0000000e+00   0.0000000e+00   0.0000000e+00
   0.0000000e+00   0.0000000e+00   0.0000000e+00
   1.6000000e+01   2.0000000e+00   8.8400000e+00
   0.0000000e+00   0.0000000e+00   0.0000000e+00
   0.0000000e+00   0.0000000e+00   0.0000000e+00
   1.6000000e+01   8.0000000e+00   7.8600000e+00
   0.0000000e+00   0.0000000e+00   0.0000000e+00
   0.0000000e+00   0.0000000e+00   0.0000000e+00
   1.6000000e+01   1.4000000e+01   5.6600000e+00
   6.0000000e+00   3.0000000e+00   4.0000000e-01
   6.0000000e+00   9.0000000e+00   1.9290000e+01
   6.0000000e+00   1.5000000e+01   1.8100000e+00
   1.2000000e+01   3.0000000e+00   1.1030000e+01
   1.2000000e+01   9.0000000e+00   8.2000000e-01
   1.2000000e+01   1.5000000e+01   9.6200000e+00
   1.8000000e+01   3.0000000e+00   1.4100000e+00
   1.8000000e+01   9.0000000e+00   1.7480000e+01
   1.8000000e+01   1.5000000e+01   0.0000000e+00
   3.0000000e+00   6.0000000e+00   4.0000000e-01
   9.0000000e+00   6.0000000e+00   1.0610000e+01
   1.5000000e+01   6.0000000e+00   1.8100000e+00
   3.0000000e+00   1.2000000e+01   1.8080000e+01
   9.0000000e+00   1.2000000e+01   8.2000000e-01
   1.5000000e+01   1.2000000e+01   1.6670000e+01
   3.0000000e+00   1.8000000e+01   1.4100000e+00
   9.0000000e+00   1.8000000e+01   8.8000000e+00
   1.5000000e+01   1.8000000e+01   0.0000000e+00
